[gd_scene format=3 uid="uid://ccvxjwg6wiprf"]

[ext_resource type="Script" uid="uid://cs7tdlnjn3kv3" path="res://main_node_script.gd" id="1_a202f"]
[ext_resource type="Script" uid="uid://x478ms11dvjh" path="res://chodzenie.gd" id="2_i5arm"]
[ext_resource type="PackedScene" uid="uid://d0c3xgeuu3vp3" path="res://Player hand.fbx" id="3_r3fl7"]
[ext_resource type="Script" uid="uid://c21yh7suyvtgr" path="res://kontroler_prawy.gd" id="5_i5arm"]

[sub_resource type="CylinderMesh" id="CylinderMesh_r3fl7"]
top_radius = 0.05
bottom_radius = 0.005
height = 0.15

[sub_resource type="PlaneMesh" id="PlaneMesh_r3fl7"]
size = Vector2(20, 20)

[sub_resource type="StandardMaterial3D" id="StandardMaterial3D_r3fl7"]
albedo_color = Color(0, 0, 0, 1)
roughness = 0.9

[sub_resource type="BoxShape3D" id="BoxShape3D_r3fl7"]
size = Vector3(20, 0.1, 20)

[sub_resource type="ProceduralSkyMaterial" id="ProceduralSkyMaterial_r3fl7"]
sky_top_color = Color(0.2198314, 0.4592415, 0.71308523, 1)

[sub_resource type="Sky" id="Sky_jka67"]
sky_material = SubResource("ProceduralSkyMaterial_r3fl7")

[sub_resource type="Environment" id="Environment_i5arm"]
background_mode = 2
background_color = Color(0.7768833, 0.2439712, 0.42687735, 1)
background_energy_multiplier = 0.66
sky = SubResource("Sky_jka67")
ambient_light_sky_contribution = 0.1

[node name="main" type="Node3D" unique_id=1608127333]
script = ExtResource("1_a202f")

[node name="XROrigin3D" type="XROrigin3D" parent="." unique_id=1531300732]
script = ExtResource("2_i5arm")

[node name="XRCamera3D" type="XRCamera3D" parent="XROrigin3D" unique_id=1900225849]
transform = Transform3D(0.81417656, -0.013105774, 0.5804695, -3.236877e-05, 0.9997442, 0.022617515, -0.58061737, -0.018433439, 0.8139679, -0.55917513, 2.1681411, 2.315373)
fov = 33.2147

[node name="LeftController" type="XRController3D" parent="XROrigin3D" unique_id=1202177254]
transform = Transform3D(0.042630285, 0.9960763, -0.077555194, -0.99903816, 0.04170075, -0.013566375, -0.010279007, 0.07805893, 0.9968957, 0, 0.11790252, 0)
tracker = &"left_hand"

[node name="MeshInstance3D" type="MeshInstance3D" parent="XROrigin3D/LeftController" unique_id=1140688014]
transform = Transform3D(0.4994967, 0, 0.022428678, 0, 0.5, 0, -0.022428678, 0, 0.4994967, 0.0019285679, 0.050130963, 0)

[node name="Player hand" parent="XROrigin3D/LeftController/MeshInstance3D" unique_id=1286487538 instance=ExtResource("3_r3fl7")]
transform = Transform3D(-0.21472691, -0.9695482, -0.1177638, -0.97434217, 0.2209786, -0.042730004, 0.06745209, 0.10556698, -0.9921219, -0.09125054, 0.040325567, -0.12583157)

[node name="RightController" type="XRController3D" parent="XROrigin3D" unique_id=702861936]
transform = Transform3D(0.9997175, -0.023769146, 0, 0.023769146, 0.9997175, 0, 0, 0, 1, 0.28954938, 0.08599243, 0)
tracker = &"right_hand"
show_when_tracked = true
script = ExtResource("5_i5arm")

[node name="MeshInstance3D" type="MeshInstance3D" parent="XROrigin3D/RightController" unique_id=1837727602]
transform = Transform3D(-0.49860823, 0, -0.037280574, 0, 0.5, 0, 0.037280574, 0, -0.49860823, 0, 0, 0)

[node name="Player hand" parent="XROrigin3D/RightController/MeshInstance3D" unique_id=1145815606 instance=ExtResource("3_r3fl7")]

[node name="TeleportRay" type="RayCast3D" parent="XROrigin3D/RightController" unique_id=643950302]
exclude_parent = false
target_position = Vector3(0, 0, -10)

[node name="TeleportMarker" type="MeshInstance3D" parent="XROrigin3D/RightController" unique_id=258989186]
transform = Transform3D(1, 0, 0, 0, 1, 0, 0, 0, 1, -0.014090128, 0.07742677, 0.08054422)
visible = false
mesh = SubResource("CylinderMesh_r3fl7")

[node name="CanvasLayer" type="CanvasLayer" parent="." unique_id=596215835]

[node name="Button" type="Button" parent="CanvasLayer" unique_id=2947607]
offset_left = 311.0
offset_top = 134.0
offset_right = 809.0
offset_bottom = 406.0
text = "Enter VR"

[node name="Level" type="Node3D" parent="." unique_id=1232669096]

[node name="MeshInstance3D" type="MeshInstance3D" parent="Level" unique_id=584083095]
transform = Transform3D(1, 0, 0, 0, 1, 0, 0, 0, 1, -0.07727456, -0.099554606, 0.068918034)
mesh = SubResource("PlaneMesh_r3fl7")
surface_material_override/0 = SubResource("StandardMaterial3D_r3fl7")

[node name="StaticBody3D" type="StaticBody3D" parent="Level/MeshInstance3D" unique_id=1964996518]

[node name="CollisionShape3D" type="CollisionShape3D" parent="Level/MeshInstance3D/StaticBody3D" unique_id=20714444]
transform = Transform3D(1, 0, 0, 0, 1, 0, 0, 0, 1, -0.027, 0, -0.16)
shape = SubResource("BoxShape3D_r3fl7")

[node name="DirectionalLight3D" type="DirectionalLight3D" parent="Level" unique_id=233897100]
transform = Transform3D(0.9951275, 0.09448815, -0.02816518, -0.03528015, 0.6079892, 0.79316115, 0.09206846, -0.7883029, 0.60836035, -3.1179013, 11.483887, 8.6651125)
shadow_enabled = true
shadow_bias = 0.396
shadow_normal_bias = 2.693

[node name="WorldEnvironment" type="WorldEnvironment" parent="Level" unique_id=1702281904]
environment = SubResource("Environment_i5arm")
